[[ 87.146355  92.      ]
 [148.16083  182.      ]
 [ 28.414423  36.      ]
 [ 69.447716  80.      ]
 [ 40.259758  42.      ]
 [ 64.42688   65.      ]
 [ 68.657585  75.      ]
 [147.66974  186.      ]
 [ 49.638336  51.      ]
 [ 42.538193  45.      ]
 [170.88718  146.      ]
 [ 62.775703  73.      ]
 [161.58057  232.      ]
 [ 11.75689   11.      ]
 [ 39.31346   41.      ]
 [ 70.22499   77.      ]
 [ 15.325447  20.      ]
 [ 55.722637  81.      ]
 [ 76.08571   83.      ]
 [ 97.5186    96.      ]]